2 50 2
-1.003355 18.01057
3.846 4.059 4.253 4.375 4.469 4.532 4.575 4.533 4.522 4.499 4.482 4.459 4.432 4.402 4.387 4.361 4.327 4.267 4.246 4.212 4.175 4.147 4.117 4.074 4.050 4.013 3.998 3.959 3.937 3.917 3.915 3.891 3.864 3.837 3.827 3.806 3.771 3.724 3.687 3.669 3.658 3.640 3.616 3.593 3.609 3.616 3.599 3.523 3.507 3.516 3.135 -0.337
3.846 4.059 4.253 4.375 4.469 4.532 4.575 4.533 4.522 4.499 4.482 4.459 4.432 4.402 4.387 4.361 4.327 4.267 4.246 4.212 4.175 4.147 4.117 4.074 4.050 4.013 3.998 3.959 3.937 3.917 3.915 3.891 3.864 3.837 3.827 3.806 3.771 3.724 3.687 3.669 3.658 3.640 3.616 3.593 3.609 3.616 3.599 3.523 3.507 3.516 3.135 -0.337
1.510 1.736 2.035 2.093 2.223 2.319 2.371 2.411 2.443 2.462 2.454 2.442 2.444 2.451 2.417 2.386 2.364 2.349 2.353 2.340 2.325 2.328 2.342 2.350 2.336 2.329 2.341 2.340 2.343 2.283 2.307 2.272 2.253 2.202 2.163 2.148 2.117 2.002 2.035 1.964 1.937 1.934 1.817 1.834 1.839 1.801 1.745 1.638 1.494 1.559 0.988 -0.306
1.510 1.736 2.035 2.093 2.223 2.319 2.371 2.411 2.443 2.462 2.454 2.442 2.444 2.451 2.417 2.386 2.364 2.349 2.353 2.340 2.325 2.328 2.342 2.350 2.336 2.329 2.341 2.340 2.343 2.283 2.307 2.272 2.253 2.202 2.163 2.148 2.117 2.002 2.035 1.964 1.937 1.934 1.817 1.834 1.839 1.801 1.745 1.638 1.494 1.559 0.988 -0.306
-0.133 1.076 1.413 2.186 2.471 2.674 2.845 2.937 3.013 3.090 3.125 3.151 3.189 3.211 3.205 3.214 3.213 3.200 3.185 3.183 3.182 3.184 3.197 3.190 3.181 3.190 3.194 3.193 3.181 3.172 3.162 3.162 3.151 3.138 3.116 3.100 3.074 3.052 3.022 3.012 2.996 2.976 2.965 2.955 2.952 2.949 2.910 2.850 2.820 2.838 2.667 -0.139
-0.133 1.076 1.413 2.186 2.471 2.674 2.845 2.937 3.013 3.090 3.125 3.151 3.189 3.211 3.205 3.214 3.213 3.200 3.185 3.183 3.182 3.184 3.197 3.190 3.181 3.190 3.194 3.193 3.181 3.172 3.162 3.162 3.151 3.138 3.116 3.100 3.074 3.052 3.022 3.012 2.996 2.976 2.965 2.955 2.952 2.949 2.910 2.850 2.820 2.838 2.667 -0.139
2.187 2.557 2.932 2.928 3.048 3.067 3.054 2.975 2.905 2.830 2.740 2.671 2.703 2.707 2.692 2.726 2.750 2.744 2.758 2.732 2.724 2.674 2.671 2.677 2.727 2.710 2.724 2.714 2.755 2.723 2.692 2.642 2.624 2.580 2.567 2.567 2.543 2.512 2.524 2.496 2.525 2.513 2.481 2.501 2.532 2.516 2.506 2.437 2.407 2.439 2.146 -0.086
2.187 2.557 2.932 2.928 3.048 3.067 3.054 2.975 2.905 2.830 2.740 2.671 2.703 2.707 2.692 2.726 2.750 2.744 2.758 2.732 2.724 2.674 2.671 2.677 2.727 2.710 2.724 2.714 2.755 2.723 2.692 2.642 2.624 2.580 2.567 2.567 2.543 2.512 2.524 2.496 2.525 2.513 2.481 2.501 2.532 2.516 2.506 2.437 2.407 2.439 2.146 -0.086
